2.466009851551956729e+02 2.246302294197031202e+00 1.498631578947368439e+02
2.467655195681511486e+02 5.400593792172739604e+00 1.519170445344129519e+02
2.462426585695006622e+02 2.098394062078272526e+01 1.551562887989203716e+02
2.462024021592442580e+02 2.114172739541160695e+01 1.550780971659918919e+02
2.462601214574898734e+02 2.204246963562752981e+01 1.561754251012145858e+02
2.464240080971659950e+02 2.408627530364372404e+01 1.576549932523616633e+02
2.464549662618083801e+02 2.956989203778677577e+01 1.608724291497975685e+02
2.464976923076923185e+02 3.083693657219972906e+01 1.610917543859649186e+02
2.465264102564102586e+02 3.224500674763832819e+01 1.618252361673414441e+02
2.466332253711201190e+02 3.328330634278002975e+01 1.621770040485830009e+02
2.465708097165992001e+02 3.409612685560053791e+01 1.626744264507422315e+02
2.465672469635627522e+02 3.405811066126855735e+01 1.625119028340080831e+02
2.464435222672064754e+02 3.057627530364372603e+01 1.605147503373819120e+02
2.462125371120108070e+02 2.399905533063427754e+01 1.572269905533063366e+02
2.461580026990553165e+02 1.815041835357624933e+01 1.544400404858299680e+02
2.460954116059379260e+02 1.605747638326585758e+01 1.536214170040485953e+02
2.462051551956814990e+02 1.713071524966261805e+01 1.543949122807017602e+02
2.463952361673414373e+02 1.968229419703103744e+01 1.554113360323886752e+02
2.464336977058029561e+02 2.260008097165992069e+01 1.572913090418353477e+02
2.464717678812415613e+02 2.915700404858299422e+01 1.607868151147098388e+02
2.464519973009446687e+02 2.992441295546558777e+01 1.609011605937921843e+02
2.463647233468286117e+02 2.861404858299595233e+01 1.602980026990553313e+02
2.462270040485829838e+02 2.674070175438596664e+01 1.593709986504723304e+02
2.460912010796221239e+02 2.530927125506072883e+01 1.586598515519568195e+02
2.460527800269905470e+02 2.580512820512820582e+01 1.589059109311740769e+02
2.462015654520917565e+02 2.667821862348178286e+01 1.594738326585695063e+02
2.462626180836707022e+02 2.864754385964912231e+01 1.601825236167341302e+02
2.463278272604588324e+02 3.033897435897435813e+01 1.610764507422402119e+02
2.462931309041835277e+02 3.196186234817813698e+01 1.617376113360323870e+02
2.464736032388663887e+02 3.311182186234817948e+01 1.623962753036437334e+02
2.465698515519568161e+02 3.439006747638326544e+01 1.631742780026990545e+02
2.465461403508771809e+02 3.498608636977058239e+01 1.632148852901484588e+02
2.464054251012145755e+02 3.041774628879892006e+01 1.614502294197031063e+02
2.463048987854251095e+02 2.495479082321187647e+01 1.588038596491228134e+02
2.461283535762483154e+02 1.873429149797570759e+01 1.547105398110661270e+02
2.460957354925776031e+02 1.517303643724696371e+01 1.527477867746288780e+02
2.460387854251012243e+02 1.552353576248313161e+01 1.530733063427800289e+02
2.459798515519568127e+02 1.760558704453441337e+01 1.537083670715249752e+02
2.461129959514169911e+02 2.337417004048582925e+01 1.567948448043185010e+02
2.464487314439946033e+02 2.657695006747638189e+01 1.589290553306342701e+02
2.465060998650472470e+02 2.811829959514169985e+01 1.597291497975708410e+02
2.466660863697705679e+02 2.774430499325235999e+01 1.594771659919028366e+02
2.466892037786774665e+02 2.635793522267206512e+01 1.590169095816464164e+02
2.467611740890688168e+02 2.533053981106612795e+01 1.584356680161943416e+02
2.468048043184885216e+02 2.500215924426450798e+01 1.582829824561403598e+02
2.466688394062078373e+02 2.579372469635627496e+01 1.584486774628879857e+02
2.466203103913630343e+02 2.741415654520917755e+01 1.590365721997301023e+02
2.465611605937921809e+02 2.862901484480431691e+01 1.590304318488529134e+02
2.465595816464237657e+02 2.978025641025640979e+01 1.594255735492577628e+02
2.465102429149797558e+02 3.074394062078272682e+01 1.600221457489878674e+02
2.464952226720647843e+02 3.162345479082321020e+01 1.602199055330634394e+02
2.464774493927125434e+02 3.242998650472334532e+01 1.606821727395411585e+02
2.464464507422402164e+02 3.264113360323886326e+01 1.610476383265856839e+02
2.465201484480431873e+02 3.141091767881241736e+01 1.606529824561403643e+02
2.463765991902834003e+02 2.554089068825910758e+01 1.573798650472334657e+02
2.463477732793522250e+02 1.940616734143049982e+01 1.545509716599190142e+02
2.460159649122807082e+02 1.667310391363022859e+01 1.528610661268556044e+02
2.455204183535762468e+02 1.667319838056680226e+01 1.518459514170040450e+02
2.448295546558704530e+02 1.784349527665317225e+01 1.511188394062078260e+02
2.449575168690958265e+02 2.028808367071524899e+01 1.531090553306342770e+02
2.449075573549257854e+02 2.653238866396761253e+01 1.566748448043184965e+02
2.449178947368421007e+02 2.757149797570850325e+01 1.570166126855600623e+02
2.448014979757085143e+02 2.667059379217273829e+01 1.561935762483130929e+02
2.447982995951417138e+02 2.469470985155195564e+01 1.555228475033738107e+02
2.447195006747638217e+02 2.355690958164642268e+01 1.548602024291498083e+02
2.447108636977058040e+02 2.380843454790823088e+01 1.549374089068825811e+02
2.448423346828610079e+02 2.462279352226720519e+01 1.552873819163292808e+02
2.447906747638326692e+02 2.588506072874493924e+01 1.561162887989203796e+02
2.446750877192982330e+02 2.770443994601889415e+01 1.563403373819163278e+02
2.445404723346828746e+02 2.876080971659919072e+01 1.566055465587044466e+02
2.444706882591093233e+02 2.992819163292847406e+01 1.566942780026990647e+02
2.443695411605937977e+02 3.103681511470985299e+01 1.571496356275303583e+02
2.446373819163292751e+02 3.158438596491227912e+01 1.579047908232118687e+02
2.448108906882591214e+02 3.215113360323886837e+01 1.579674358974359052e+02
2.446854520917678713e+02 3.167979757085020154e+01 1.579352496626180766e+02
2.445121052631579062e+02 2.712744939271254907e+01 1.561490553306342690e+02
2.444248852901484383e+02 2.039213225371119975e+01 1.529488529014844858e+02
2.441709851551956945e+02 1.628533063427800442e+01 1.507863292847503374e+02
2.440982726045884021e+02 1.547990553306342854e+01 1.502098515519568025e+02
2.442096356275303606e+02 1.731337381916329221e+01 1.511605668016194386e+02
2.443912955465586947e+02 2.010778677462888098e+01 1.529875843454790925e+02
2.444742914979757131e+02 2.594908232118758562e+01 1.564236167341430530e+02
2.446009851551956729e+02 2.788646423751686854e+01 1.571647908232118880e+02
2.444311605937921854e+02 2.785576248313090275e+01 1.570871524966261745e+02
2.443611470985155165e+02 2.617874493927125457e+01 1.564459514170040393e+02
2.442280566801619557e+02 2.459581646423751522e+01 1.557793792172739415e+02
2.442877732793522227e+02 2.451356275303643883e+01 1.555629419703103906e+02
2.441689203778677495e+02 2.552225371120108122e+01 1.555196626180836574e+02
2.442316734143049928e+02 2.742990553306342605e+01 1.563253846153846212e+02
2.442783400809716738e+02 2.889620782726045789e+01 1.572364507422402085e+02
2.443444399460188947e+02 3.071303643724696286e+01 1.576117408906882531e+02
2.443673414304993230e+02 3.197692307692307523e+01 1.583680701754385893e+02
2.443771929824561369e+02 3.304211875843454749e+01 1.589956680161943439e+02
2.444396761133603206e+02 3.398628879892037702e+01 1.593056950067476407e+02
2.445466261808367108e+02 3.457750337381916239e+01 1.594948043184885194e+02
2.444658974358974319e+02 3.505557354925775826e+01 1.594835087719298201e+02
2.442786504723346752e+02 3.163179487179487026e+01 1.580155465587044432e+02
2.443102159244264442e+02 2.784539811066126802e+01 1.562112685560053933e+02
2.441177732793522352e+02 2.092390013495276690e+01 1.524556545209176761e+02
2.437676788124156531e+02 1.655740890688259270e+01 1.498784480431848749e+02
2.438557085020242994e+02 1.586817813765182272e+01 1.496117678812415761e+02
2.437664642375168569e+02 1.739121457489878608e+01 1.500282456140350860e+02
2.439668960863697578e+02 2.007962213225371073e+01 1.513969365721997349e+02
2.438929689608636977e+02 2.643269905533063380e+01 1.543661808367071444e+02
2.440418083670715248e+02 2.875363022941970215e+01 1.552783670715249684e+02
2.440215924426450727e+02 2.906728744939271181e+01 1.555969365721997235e+02
2.439502834008097238e+02 2.757330634278002535e+01 1.550756950067476510e+02
2.439213765182186364e+02 2.588323886639676275e+01 1.538043454790823148e+02
2.437886909581646364e+02 2.546788124156545052e+01 1.533556680161943291e+02
2.438064912280701719e+02 2.690727395411606082e+01 1.534440755735492701e+02
2.436061133603238886e+02 2.862862348178137495e+01 1.539074358974359029e+02
2.437158569500674901e+02 3.064898785425101124e+01 1.551217948717948616e+02
2.438828744939271189e+02 3.252333333333333343e+01 1.560468286099865054e+02
2.438817004048582930e+02 3.375553306342779791e+01 1.570151147098515594e+02
2.440015114709851503e+02 3.432738191632928704e+01 1.573857489878542424e+02
2.441200134952766518e+02 3.551435897435897715e+01 1.577811201079622094e+02
2.440899730094466804e+02 3.626480431848852959e+01 1.581951821862348311e+02
2.439412010796221182e+02 3.667024291497975952e+01 1.581919298245614129e+02
2.438298785425101300e+02 3.463778677462887856e+01 1.567494331983805580e+02
2.434827530364372592e+02 2.855963562753036555e+01 1.532760593792172870e+02
2.431096356275303663e+02 2.219701754385964776e+01 1.505273954116059372e+02
2.431222267206477738e+02 1.664078272604588449e+01 1.481119838056680180e+02
2.433318488529014871e+02 1.745341430499325241e+01 1.484498650472334589e+02
2.434186639676113373e+02 2.005523616734143033e+01 1.490215789473684254e+02
2.434934817813765164e+02 2.715284750337382036e+01 1.522066666666666777e+02
2.436654385964912422e+02 3.040518218623481772e+01 1.547031713900134946e+02
2.437888529014844892e+02 3.215887989203778830e+01 1.555434008097165872e+02
2.438469770580296938e+02 3.110330634278002648e+01 1.548547503373819154e+02
2.438865317139001263e+02 2.908044534412955429e+01 1.544948717948717842e+02
2.438067611336032314e+02 2.813214574898785258e+01 1.538641430499325224e+02
2.439225910931174042e+02 2.885754385964912316e+01 1.538275168690958026e+02
2.439449392712550662e+02 3.023848852901484463e+01 1.547724561403508687e+02
2.440631713900135082e+02 3.221255060728744724e+01 1.555320782726045934e+02
2.439273819163292956e+02 3.378600539811066028e+01 1.560159649122807082e+02
2.439464642375168637e+02 3.552987854251011868e+01 1.568575573549257740e+02
2.439759919028340107e+02 3.658910931174089143e+01 1.568924426450742260e+02
2.441608367071524981e+02 3.785453441295546639e+01 1.575748178137651792e+02
2.440367611336032496e+02 3.873133603238866129e+01 1.576405398110661338e+02
2.438142105263157760e+02 3.468126855600539926e+01 1.559930904183535745e+02
2.438285155195681568e+02 3.107524966261808430e+01 1.543491363022941982e+02
2.436752766531713803e+02 2.425067476383265941e+01 1.508899325236167215e+02
2.434369365721997269e+02 2.002121457489878509e+01 1.480207692307692184e+02
2.434062887989203716e+02 1.978487179487179404e+01 1.476091093117408946e+02
2.433741430499325133e+02 2.172499325236167422e+01 1.483768825910931071e+02
2.433659244264507322e+02 2.465974358974359149e+01 1.498774493927125491e+02
2.434184210526315724e+02 3.163527665317138826e+01 1.529589338731443888e+02
2.436668960863697748e+02 3.410333333333333172e+01 1.547791902834008226e+02
2.435346963562753047e+02 3.389008097165991984e+01 1.541023751686909691e+02
2.434673819163292876e+02 3.190784075573549217e+01 1.532882726045883999e+02
2.435452901484480321e+02 3.074688259109311872e+01 1.527460863697705804e+02
2.436400674763832797e+02 3.039662618083670864e+01 1.523295276653171300e+02
2.435475438596491244e+02 3.113376518218623445e+01 1.526018353576248217e+02
2.432817408906882690e+02 3.247631578947368070e+01 1.528628879892037844e+02
2.433802564102564077e+02 3.399187584345479252e+01 1.531533468286099833e+02
2.433052496626180812e+02 3.554959514170040791e+01 1.533750472334682797e+02
2.431078407557354808e+02 3.701846153846153697e+01 1.540648178137651882e+02
2.431907017543859695e+02 3.856634278002699290e+01 1.546277867746288734e+02
2.433243589743589723e+02 3.943789473684210378e+01 1.550735627530364411e+02
2.433693252361673274e+02 3.794032388663967481e+01 1.542561673414305119e+02
2.428871659919028332e+02 2.817967611336032263e+01 1.495648852901484531e+02
2.426226990553306280e+02 2.163060728744939354e+01 1.464242240215924369e+02
2.423841970310391503e+02 1.801549257759783984e+01 1.443968151147098524e+02
2.426555735492577526e+02 1.848437246963562686e+01 1.444334952766531615e+02
2.426059649122807116e+02 2.093403508771929822e+01 1.455112010796221398e+02
2.425816599190283398e+02 2.717959514170040336e+01 1.486462887989203807e+02
2.426942375168690944e+02 3.025029689608636829e+01 1.510193792172739506e+02
2.427469500674763765e+02 3.195376518218623474e+01 1.515867881241565556e+02
2.426265587044534300e+02 3.115970310391363185e+01 1.508336032388664023e+02
2.424662348178137563e+02 2.930485829959514277e+01 1.497798785425101187e+02
2.425657085020242789e+02 2.918588394062078351e+01 1.497064642375168830e+02
2.427023211875843458e+02 2.944348178137651928e+01 1.500987989203778739e+02
2.428566126855600658e+02 3.118855600539811235e+01 1.513456950067476328e+02
2.431458299595141739e+02 3.313723346828609806e+01 1.525398110661268447e+02
2.431048043184885330e+02 3.432526315789473870e+01 1.528496356275303754e+02
2.430162753036437380e+02 3.616850202429149874e+01 1.536550472334682809e+02
2.429993522267206458e+02 3.766070175438596834e+01 1.544723481781376506e+02
2.430527800269905470e+02 3.867869095816464409e+01 1.548452226720647786e+02
2.429592172739541240e+02 3.941773279352226922e+01 1.545004993252361771e+02
2.428841700404858273e+02 3.588276653171389796e+01 1.527719163292847497e+02
2.426878272604588460e+02 2.870175438596491091e+01 1.498834412955465609e+02
2.424374089068825811e+02 2.070524966261808331e+01 1.461182051282051191e+02
2.423855330634278005e+02 1.950665317139001331e+01 1.456309851551956740e+02
2.426465587044534402e+02 2.141287449392712716e+01 1.465977462887989304e+02
2.428844669365722098e+02 2.787059379217274113e+01 1.496774898785425023e+02
2.430679217273954009e+02 3.160017543859649081e+01 1.519176383265856884e+02
2.433606882591093097e+02 3.415307692307692378e+01 1.532634412955465564e+02
2.434448987854250959e+02 3.466711201079622384e+01 1.535949662618083664e+02
2.434192172739541036e+02 3.291777327935222530e+01 1.526661673414305085e+02
2.432763967611336113e+02 3.159024291497975767e+01 1.517371390013495329e+02
2.431921322537112076e+02 3.140897435897435841e+01 1.517443994601889301e+02
2.432496761133603229e+02 3.208813765182186017e+01 1.519678272604588471e+02
2.432114304993252460e+02 3.335941970310391014e+01 1.526862213225371079e+02
2.432408906882590998e+02 3.514680161943319803e+01 1.530826855600539886e+02
2.430038866396761250e+02 3.705232118758434723e+01 1.536065856950067428e+02
2.429439676113360349e+02 3.913165991902833696e+01 1.542644669365722052e+02
2.429682321187584364e+02 4.049427800269905475e+01 1.546941430499325350e+02
2.428833873144399433e+02 4.112466936572199927e+01 1.546880566801619352e+02
2.425867341430499380e+02 3.987411605937921877e+01 1.537284750337381922e+02
2.421075978407557443e+02 3.038562753036437414e+01 1.490388124156545189e+02
2.417793117408906767e+02 2.426874493927125442e+01 1.460294736842105294e+02
2.417233603238866522e+02 2.213923076923076749e+01 1.446496086369770637e+02
2.417601079622132261e+02 2.288991902834008130e+01 1.448624426450742249e+02
2.417333873144399377e+02 2.503604588394061992e+01 1.455876653171389989e+02
2.417190688259109379e+02 3.130377867746288700e+01 1.482762887989203762e+02
2.419098650472334668e+02 3.378939271255060817e+01 1.497616059379217290e+02
2.420593387314440008e+02 3.497074224021592670e+01 1.502172064777327876e+02
2.419246693657219964e+02 3.423865047233468317e+01 1.497186234817813784e+02
2.418394601889338844e+02 3.246531713900134974e+01 1.492662078272604447e+02
2.416902834008097045e+02 3.174276653171390095e+01 1.488027395411606051e+02
2.417163427800269915e+02 3.230609986504722997e+01 1.486685020242914845e+02
2.418707017543859763e+02 3.323674763832658385e+01 1.493628070175438722e+02
2.420155330634277959e+02 3.500035087719298588e+01 1.503555060728745048e+02
2.420179622132253598e+02 3.581678812415654534e+01 1.510359379217273954e+02
2.416845209176788103e+02 3.670605937921727246e+01 1.506179622132253826e+02
2.432241160593792131e+02 3.990950067476383367e+01 1.550242240215924312e+02
2.442268556005398068e+02 4.353935222672064498e+01 1.588151147098515423e+02
2.451222941970310387e+02 4.509786774628879868e+01 1.615390823211875784e+02
2.455981646423751670e+02 4.082211875843454862e+01 1.611110931174088989e+02
2.456566936572199609e+02 3.138535762483130753e+01 1.568111605937921809e+02
2.457017273954116092e+02 2.767010796221322622e+01 1.547463562753036399e+02
2.454157219973009489e+02 2.318087719298245730e+01 1.520192577597840682e+02
2.453324696356275183e+02 2.429757085020242968e+01 1.528770310391363125e+02
2.454520512820512863e+02 2.712450742240216073e+01 1.538138731443994516e+02
2.456399999999999864e+02 2.911080971659918859e+01 1.554794871794871653e+02
2.456694871794871915e+02 3.098859649122806914e+01 1.562615384615384642e+02
2.457113495276653055e+02 3.052006747638326445e+01 1.564227260458839339e+02
2.457635627530364388e+02 2.922883940620782894e+01 1.559199190283400753e+02
2.458441700404858352e+02 2.802418353576248222e+01 1.560751147098515617e+02
2.456639946018893284e+02 2.764446693657220067e+01 1.552566666666666606e+02
2.455506072874493952e+02 2.821615384615384770e+01 1.553256410256410334e+02
2.457620107962213183e+02 2.944518218623481687e+01 1.564219433198380500e+02
2.459124696356275308e+02 3.118596491228070278e+01 1.576258839406207812e+02
2.460150067476383242e+02 3.248819163292847634e+01 1.584673279352226700e+02
2.460883400809716477e+02 3.390925775978407586e+01 1.594284480431848863e+02
2.460425371120107911e+02 3.505466936572199899e+01 1.603775303643724612e+02
2.462968690958164757e+02 3.574943319838056510e+01 1.611669500674763924e+02
2.460998110661268470e+02 3.259568151147098547e+01 1.597272874493927191e+02
2.460992982456140226e+02 3.007677462887989250e+01 1.583856545209176829e+02
2.459840215924426445e+02 2.523869095816464281e+01 1.558562618083670657e+02
2.460089743589743705e+02 2.291950067476383168e+01 1.548755600539811041e+02
2.458279757085020378e+02 2.003423751686909426e+01 1.537000809716599292e+02
2.459561943319837951e+02 2.133089068825911028e+01 1.544864507422402085e+02
2.459748178137651848e+02 2.291533063427800343e+01 1.549192847503373685e+02
2.459778677462888083e+02 2.400577597840755573e+01 1.555494736842105397e+02
2.460984345479082265e+02 2.516456140350877035e+01 1.559063022941970189e+02
2.462542240215924494e+02 2.533939271255060888e+01 1.559680161943319945e+02
2.461763292847503237e+02 2.434329284750337408e+01 1.556862753036437255e+02
2.460648987854251004e+02 2.355732793522267343e+01 1.549262887989203819e+02
2.457940755735492644e+02 2.271408906882590983e+01 1.542228879892037696e+02
2.454917408906882486e+02 2.306457489878542333e+01 1.535185964912280667e+02
2.453631443994601966e+02 2.400577597840755573e+01 1.533346423751686984e+02
2.451679487179487182e+02 2.526732793522267073e+01 1.534522267206477864e+02
2.450685020242914902e+02 2.597609986504723523e+01 1.538206207827260528e+02
2.450048448043184806e+02 2.689175438596491219e+01 1.537035897435897311e+02
2.447896491228070204e+02 2.764817813765182208e+01 1.535844129554655808e+02
2.446869500674763742e+02 2.816009446693657381e+01 1.534460323886639799e+02
2.444355735492577537e+02 2.838002699055330780e+01 1.529383265856949947e+02
2.443377192982456165e+02 2.805331983805668017e+01 1.525316329284750339e+02
2.442915384615384653e+02 2.419928475033738025e+01 1.510041700404858318e+02
2.440564102564102598e+02 1.981653171390013668e+01 1.484522807017543755e+02
2.440056680161943348e+02 1.757781376518218508e+01 1.479274089068825901e+02
2.440134817813765267e+02 1.763974358974358836e+01 1.477720917678812498e+02
2.440286099865047333e+02 1.969614035087719373e+01 1.484706477732793530e+02
2.440414709851552004e+02 2.480792172739541002e+01 1.509878677462887993e+02
2.441556410256410174e+02 2.626834008097166162e+01 1.520209581646423658e+02
2.441336437246963555e+02 2.722607287449392643e+01 1.523847908232118868e+02
2.440584885290148520e+02 2.660336032388664051e+01 1.519652496626180778e+02
2.440250337381916381e+02 2.529145748987854248e+01 1.514174089068825992e+02
2.439365721997301080e+02 2.438317139001349432e+01 1.511278677462887856e+02
2.440919298245613902e+02 2.471095816464237416e+01 1.518311201079622208e+02
2.441754385964912331e+02 2.610740890688258986e+01 1.523874493927125400e+02
2.442736707152496649e+02 2.749014844804318614e+01 1.531209311740890655e+02
2.444592172739541240e+02 2.898711201079622057e+01 1.540107422402159330e+02
2.444637786774628978e+02 3.020971659919028340e+01 1.545211875843454834e+02
2.445247503373819029e+02 3.116748987854251141e+01 1.550981106612685494e+02
2.445577597840755857e+02 3.197870445344129564e+01 1.553286909581646285e+02
2.444306882591093029e+02 3.274295546558704473e+01 1.556474763832658539e+02
2.445903913630229454e+02 3.333721997300944651e+01 1.560830229419703130e+02
2.445143859649122930e+02 3.319395411605938051e+01 1.562601484480431964e+02
2.444391902834008192e+02 2.987340080971659972e+01 1.543489608636976982e+02
2.443950202429149670e+02 2.581767881241565377e+01 1.523787449392712574e+02
2.442164102564102564e+02 2.400229419703103773e+01 1.511720242914979622e+02
2.442786369770580279e+02 2.437836707152496629e+01 1.515336167341430382e+02
2.443045614035087851e+02 2.656649122807017704e+01 1.526378812415654522e+02
2.444746828609986551e+02 2.872665317139001218e+01 1.531476248313090309e+02
2.445935627530364513e+02 3.033682860998650455e+01 1.542085290148447996e+02
2.444647908232118709e+02 3.139539811066126873e+01 1.546143319838056698e+02
2.444616734143049825e+02 3.067075573549257683e+01 1.544626720647773368e+02
2.444150607287449475e+02 2.937280701754385959e+01 1.537495276653171459e+02
2.446572199730094326e+02 2.900929824561403336e+01 1.534111740890688225e+02
2.447415789473684242e+02 2.984024291497975767e+01 1.542972604588394177e+02
2.449835222672064674e+02 3.126728744939271110e+01 1.551768960863697657e+02
2.450763022941970348e+02 3.259170040485830100e+01 1.559983535762483200e+02
